ans =

    1.5002
    0.1691
    0.0067
    0.0001


ans =

    0.0001    0.0067    0.1691    1.5002